#fertilizer-to-water map:
861477134 5168332 68211907
136969509 2229711837 29094441
2823248929 1150509810 118368045
3678888284 3073610919 53498438
3948051821 3682691325 96234592
1302827191 2387840795 504257794
1198743248 1926818347 104083943
1807084985 1104177008 46332802
2143096098 619653304 259805223
2063436946 2385211148 2629647
2066066593 445026117 35759449
358008423 537865723 81787581
621204445 0 5168332
2724438904 1861632296 65186051
1853417787 2258806278 126404870
3933311080 4141091197 14740741
851739278 2892098589 9737856
4044286413 3029323079 44287840
1979822657 1778018007 83614289
2101826042 2084781230 3070511
4088574253 4268409625 26557671
929689041 111346117 211974050
3566310597 4155831938 112577687
439796004 2030902290 53878940
166063950 1490707297 191944473
8760514 888219041 128208995
3794695843 3778925917 57203243
3029323079 3127109357 409045756
2792635116 77722143 30613813
3438368835 4013149435 127941762
3732386722 3620382204 62309121
2402901321 1682651770 95366237
0 879458527 8760514
493674944 2901836445 39780529
3851899086 3536155113 81411994
2498267558 1268877855 221829442
4117947021 3836129160 177020275
2789624955 108335956 3010161
1141663091 480785566 57080157
2104896553 406826572 38199545
533455473 1016428036 87748972
626372777 2087851741 141860096
2720097000 73380239 4341904
4115131924 3617567107 2815097
768232873 323320167 83506405