#temperature-to-humidity map:
4072523312 605654847 17750681
1174610018 540191835 65463012
2038455907 3792024734 100202248
2539396783 866566556 128459181
96342672 2296045868 14715058
3827330744 1522255720 106701221
3816190028 4081148893 11140716
1706101724 3892226982 188921911
3780839952 623405528 35350076
765616949 1813669629 408993069
4225769488 3778728770 13295964
2752105545 1645897858 167771771
2138658155 1121517092 400738628
4239065452 4155853973 55901844
3934031965 96342672 35726394
3005272654 658755604 22724553
3989311833 4211755817 83211479
280430452 3186777866 320785315
111057730 2310760926 65268270
176326000 3659551759 104104452
1895023635 1628956941 16940917
4093334384 3507563181 132435104
3027997207 132069066 179421352
1477400307 311490418 228701417
2934949875 2225723089 70322779
601215767 681480157 100836818
2919877316 3763656211 15072559
3969758359 3639998285 19553474
3207418559 2613356473 573421393
4090273993 2222662698 3060391
1911964552 995025737 126491355
2667855964 782316975 84249581
1240073030 2376029196 237327277
702052585 4092289609 63564364