#seed-to-soil map:
3078006360 2182201339 30483272
803630304 624445326 165226844
2393736333 2745251526 281120946
717936870 789672170 85693434
598717319 410599330 27984688
3999095007 2024628810 157572529
3605588191 3026372472 22322803
3555659576 2678166775 3396919
968857148 438584018 1780307
3216227818 2212684611 87459567
2302084376 4122083708 91651957
970637455 0 188112122
507182228 299146916 40412346
1372302034 1689624457 202945009
1370123632 191483770 2178402
324787204 193662172 105484744
3116425470 2671328191 6838584
626702007 875365604 82756204
1575247043 978774853 317322423
3134996187 4213735665 81231631
2024628810 2681563694 63687832
714565222 188112122 3371648
547594574 1620884480 51122745
3529388087 3374604163 26271489
709458211 973428243 5107011
2713008276 3985570976 98361735
2088316642 3048695275 213767734
3627910994 2300144178 371184013
2674857279 4083932711 38150997
1229789645 958121808 15306435
4156667536 3328662676 45941487
0 1296097276 324787204
3108489632 3320726838 7935838
4202609023 3667512001 92358273
1352266801 978535254 239599
1352506400 1672007225 17617232
1245096080 440364325 107170721
2811370011 3400875652 266636349
430271948 547535046 76910280
1158749577 339559262 71040068
3559056495 3262463009 46531696
3123264054 3308994705 11732133
3303687385 3759870274 225700702