#humidity-to-location map:
2848734682 2982177676 22285660
3380476660 3717224958 24199873
3201930685 734568132 100088122
764851360 4087339561 71173655
188169313 2953711255 28466421
3189375901 2832231336 12554784
3369909102 47909639 10567558
47909639 3741424831 99762378
2871020342 58477197 7400020
3042878026 3409715295 146497875
1196348942 2734551883 97679453
3418711171 3387790447 21924848
1587973141 573552831 65833150
1121006696 889063447 75342246
1294028395 567796360 5756471
3302018807 499906065 67890295
2915035031 2921050411 32660844
1982422286 3064299481 301982155
704786709 4084864539 2475022
299076626 834656254 54407193
3623423724 2182055199 207702290
388851709 2881400789 39649622
147672017 3592293988 40497296
2947695875 639385981 95182151
707261731 3556213170 36080818
2284404441 2389757489 138657919
353483819 2146687309 35367890
2519626540 441189704 58319568
743342549 3366281636 21508811
2878420362 2844786120 36614669
216635734 4212526404 82440892
3440636019 1235194267 182787705
2577946108 964405693 270788574
1453221956 3877915244 70435137
836025015 1861705628 284981681
1299784866 499509272 396793
1859942766 3948350381 122479520
2423062360 3004463336 59836145
3404676533 4070829901 14034638
1399208768 4158513216 54013188
1300181659 342162595 99027109
1523657093 3652908910 64316048
3851243640 1417981972 443723656
3831126014 3632791284 20117626
1653806291 2528415408 206136475
428501331 65877217 276285378
2482898505 3841187209 36728035